Bus.con = [ ... 
  1   10.5  1  0  1  1
  2   20    1  0  1  1
  3   10.5  1  0  1  1
  4   15.7  1  0  2  1
  5   10.5  1  0  2  1
  6   10.5  1  0  2  1
  7   10.5  1  0  3  1
  8   10.5  1  0  3  1
  9   220   1  0  1  1
  10  20    1  0  1  1
  11  500   1  0  1  1
  12  500   1  0  2  1
  13  500   1  0  2  1
  14  220   1  0  2  1
  15  20    1  0  1  1
  16  220   1  0  2  1
  17  20    1  0  1  1
  18  220   1  0  2  1
  19  220   1  0  2  1
  20  220   1  0  2  1
  21  220   1  0  2  1
  22  220   1  0  1  1
  23  220   1  0  1  1
  24  220   1  0  1  1
  25  500   1  0  1  1
  26  500   1  0  2  1
  27  500   1  0  2  1
  28  500   1  0  2  1
  29  220   1  0  2  1
  30  220   1  0  3  1
  31  220   1  0  3  1
  32  220   1  0  3  1
  33  220   1  0  2  1
  34  220   1  0  2  1
  35  10    1  0  2  1
  36  10    1  0  2  1
 ];

Line.con = [ ... 
  11  25  100  500   50  0  0         0.00      0.0001    0.00    0       0  0  0  0  1
  12  26  100  500   50  0  0         0.00      0.0001    0.00    0       0  0  0  0  1
  12  27  100  500   50  0  0         0.00      0.0001    0.00    0       0  0  0  0  1
  13  28  100  500   50  0  0         0.00      0.0001    0.00    0       0  0  0  0  1
  14  19  100  220   50  0  0         0.0034    0.02      0.00    0       0  0  0  0  1
  16  18  100  220   50  0  0         0.0033    0.0333    0.00    0       0  0  0  0  1
  16  19  100  220   50  0  0         0.0578    0.218     0.3774  0       0  0  0  0  1
  16  20  100  220   50  0  0         0.0165    0.0662    0.4706  0       0  0  0  0  1
  16  21  100  220   50  0  0         0.0374    0.178     0.328   0       0  0  0  0  1
  16  29  100  220   50  0  0         0.00      0.0001    0.00    0       0  0  0  0  1
  18  34  100  220   50  0  0         0.00      0.001     0.00    0       0  0  0  0  1
  19  21  100  220   50  0  0         0.0114    0.037     0.00    0       0  0  0  0  1
  19  30  100  220   50  0  0         0.0196    0.0854    0.162   0       0  0  0  0  1
  20  22  100  220   50  0  0         0.0214    0.0859    0.6016  0       0  0  0  0  1
  21  22  100  220   50  0  0         0.015     0.0607    0.4396  0       0  0  0  0  1
  22  23  100  220   50  0  0         0.0537    0.19      0.3306  0       0  0  0  0  1
  23  24  100  220   50  0  0         0.0106    0.074     0.00    0       0  0  0  0  1
  25  26  100  500   50  0  0         0.0033    0.0343    3.7594  0       0  0  0  0  1
  27  28  100  500   50  0  0         0.00245   0.0255    2.79   0       0  0  0  0  1
  29  33  100  220   50  0  0         0.00      0.0001    0.00    0       0  0  0  0  1
  30  31  100  220   50  0  0         0.00      0.0001    0.00    0       0  0  0  0  1
  31  32  100  220   50  0  0         0.00      0.0001    0.00    0       0  0  0  0  1
  32  33  100  220   50  0  0         0.0154    0.158     0.776   0       0  0  0  0  1
  9   22  100  220   50  0  0         0.0559    0.218     0.3908  0       0  0  0  0  1
  9   23  100  220   50  0  0         0.0034    0.0131    0.00    0       0  0  0  0  1
  9   24  100  220   50  0  0         0.0147    0.104     0.00    0       0  0  0  0  1
  1   24  100  10.5  50  0  0.04773   0.00      0.015     0       0.9302  0  0  0  0  1
  2   9   100  20    50  0  0.09091   0.00      0.0217    0       0.9302  0  0  0  0  1
  3   22  100  10.5  50  0  0.04773   0.00      0.0124    0       0.9302  0  0  0  0  1
  4   19  100  15.7  50  0  0.07136   0.00      0.064     0       0.9756  0  0  0  0  1
  5   18  100  10.5  50  0  0.04773   0.00      0.0375    0       0.9302  0  0  0  0  1
  7   30  100  10.5  50  0  0.04773   0.00      0.0438    0       0.9756  0  0  0  0  1
  8   31  100  10.5  50  0  0.04773   0.00      0.0328    0       0.9756  0  0  0  0  1
  6   17  100  10.5  50  0  0.525     0.00      0.0337    0       1.0000  0  0  0  0  1
  13  17  100  500   50  0  25        0.00      0.01      0       0.9756  0  0  0  0  1
  16  17  100  220   50  0  11        0.00      0.001     0       0.9737  0  0  0  0  1
  9   10  100  220   50  0  11        0.00      -0.002    0       1.0000  0  0  0  0  1
  11  10  100  500   50  0  25        0.00      0.018     0       0.9756  0  0  0  0  1
  35  10  100  10    50  0  0.5       0.00      0.001     0       1.0000  0  0  0  0  1
  12  15  100  500   50  0  25        0.00      0.018     0       0.9756  0  0  0  0  1
  14  15  100  220   50  0  11        0.00      -0.002    0       1.0000  0  0  0  0  1
  36  15  100  10    50  0  0.5       0.00      0.0001    0       1.0000  0  0  0  0  1
 ];


Shunt.con = [ ...
  16  100  220   50  0  0.500   1
  16  100  220   50  0  1.000   1
  19  100  220   50  0.3  -0.3   1
  25  100  500   50  0  -1.3665   1
  26  100  500   50  0  -1.3665   1
  27  100  500   50  0  -1.3665   1
  33  100  220   50  0  -1.000   1
  34  100  220   50  0  -1.000   1
 ];

SW.con = [ ... 
  1  100  10.5  1.00  0  6  -6   1.1  0.95   1  1  
 ];

PV.con = [ ... 
  2  100  20    6.000  1.05     6  -6  1.1  0.95  1  1
  3  100  10.5  3.100  1.05     6  -6  1.1  0.95  1  1
  4  100  15.7  1.600  1.05     6  -6  1.1  0.95  1  1
  5  100  10.5  4.300  1.05     6  -6  1.1  0.95  1  1   
  6  100  10.5  -0.01  1.05     6  -6  1.1  0.95  1  1
  7  100  10.5  2.250  1.05     6  -6  1.1  0.95  1  1
  8  100  10.5  3.060  1.05     6  -6  1.1  0.95  1  1
  
%   2  100  20    6.000  1     6  -6  1.1  0.95  1  1
%   3  100  10.5  3.100  1        6  -6  1.1  0.95  1  1
%   4  100  15.7  1.600  1     6  -6  1.1  0.95  1  1
%   5  100  10.5  4.300  1     6  -6  1.1  0.95  1  1    
%   6  100  10.5  -0.01  1     6  -6  1.1  0.95  1  1
%   7  100  10.5  2.250  1     6  -6  1.1  0.95  1  1
%   8  100  10.5  3.060  1     6  -6  1.1  0.95  1  1
 ];

 %Ind.con = [ ... 
    19   100  230  60  3  0  0  0.18  0.02   0.12   0.001  0.04  3.5   1  0.51  0  0  0.51  0  1
   % ];

PQ.con = [...
  9   100  220   3.760  2.210  1.1  0.95  1  1
  16  100  220   5.000  2.300  1.1  0.95  1  1
  18  100  220   4.300  2.200  1.1  0.95  1  1
  19  100  220   0.864  0.662  1.1  0.95  1  1
  20  100  220   0.719  0.474  1.1  0.95  1  1
  21  100  220   0.700  0.500  1.1  0.95  1  1
  22  100  220   2.265  1.690  1.1  0.95  1  1
  23  100  220   2.870  1.440  1.1  0.95  1  1
  29  100  220   5.200  0.100  1.1  0.95  1  1
 ];


% Syn.con = [Bus, Sn, Vn, fn, Order, xl, ra, xd, xd', xd'', Td0', Td0'', xq, xq', xq'', Tq0', Tq0'', M=2H, D,....]
Syn.con = [ ... 
8	388.4	10.5	50	6	0	0	0.75	0.306	0.196	5.95	0.05	0.611	0.611	0.196	9999	0.05	8.393	0
7	286	    10.5	50	6	0	0	0.904	0.358	0.252	5.53	0.05	0.64	0.64	0.252	9999	0.05	7.692	0
6	350	    10.5	50	6	0	0	1.633	0.197	0.148	6.92	0.1	    1.633	1.633	0.148	9999	0.2	    2.62	0
5	637.5	10.5	50	6	0	0	1.951	0.306	0.198	6.2	    0.1	    1.951	1.951	0.198	9999	0.5	    6.149	0
4	235	    15.7	50	6	0	0	1.81	0.284	0.183	6.2	    0.192	1.81	1.81	0.183	9999	1.89	6.672	0
3	882	    10.5	50	6	0	0	1.217	0.349	0.25	7.24	0.1	    0.6	    0.6	    0.25	9999	0.2	    9.014	0
2	780     20	    50	6	0	0	2.266	0.27	0.168	8.375	0.224	2.266	2.266	0.168	9999	1.66	4.249	0
1	1880	10.5	50	6	0	0	0.282	0.282	0.282	10	    0.1	    0.282	0.282	0.282	9999	0.2	    7.490	0
];

% Exc.con = [Generator_number, Type, vrmax, vrmin, Ka, Ta, Kf, Tf, Ke, Te, Tr, Ae, Be, u];
% Excitation Type II
Exc.con = [ ... 
    2	2	   5	   0	50   0.03  0.04  0.715  1   0.5  0.03  0  0  1
    3	2	   5	   0	50   0.03  0.04  0.715  1   0.5  0.03  0  0  1
    4	2	   5	   0	50   0.03  0.04  0.715  1   0.5  0.03  0  0  1
    5	2	   5	   0	50   0.03  0.04  0.715  1   0.5  0.03  0  0  1
    6	2	   5	   0	50   0.03  0.04  0.715  1   0.5  0.03  0  0  1
    7   1      3.3     -2.6 20   2     2     2      2   0.02 0.03  0  0  1
    8   1      3.3     -2.6 20   2     2     2      2   0.02 0.03  0  0  1
];

%Tg.con = [...
  8  1  1  0.04  1.1  0  0.03  0.5  0  0.02  1
  7  1  1  0.04  1.1  0  0.03  0.5  0  0.02  1
  5  1  1  0.05  1.1  0  0.03  0.5  0  0.02  1
  4  1  1  0.05  1.1  0  0.03  0.5  0  0.02  1 
  3  1  1  0.04  1.1  0  0.03  0.5  0  0.02  1
  2  1  1  0.05  1.1  0  0.03  0.5  0  0.02  1
%];
% Tcsc.con = [ ... 
   88    1      1     1    100    220    50    80.0000  0.0100  0.01872  0.00432    5     1     0.2     0.1     1      1
%  ];

% Fault.con = [Bus, Sn, Vn, fn, tf, tc, rf, xf];
Fault.con = [...
  30   100   220   50   1.0000   1.0500   0.0000   0.0001
];

% Breaker.con = [Line, Bus, Sn, Vn, fn, Connection_status, t1, t2, u1, u2];
% Breaker.con = [...
   8    4    100   345   60     1    1.0000    1.1000    0   1 
% ];
%  【AVR number、Pss model、PSS input signal 1 ⇒ ω, 2 ⇒ p, 3 ⇒ v 、稳定器最大输出信号Vs pu、稳定器最小输出信号pu、稳定器增益Kw pu、Wash-out 时间常数Tw、稳定器第一时间常数T1、稳定器第二时间常数T2、稳定器第三时间常数T3、稳定器第四时间常数T4、附加信号增益Ka pu、附加信号时间常数Ta、有功功率增益Kp  pu、母线电压幅值增益Kv  pu、最大附加信号Va（抗饱和）pu、最大附加信号（饱和）pu、（添加Va前）最大输出信号Vs pu、（添加Va前）最小输出信号pu、励磁电压阈值Ethr pu、转子转速阈值Wthr pu、允许开关S2、连接状态】
Pss.con = [ ...
    1  2  1  0.1  -0.1  8  10  0.8  0.05  0.8  0.05  0  0  0  0  0  0  0  0  0  0  0  1
     7  2  1  0.1  -0.1  15  10  0.1631  0.0746  0.2531  0.0246  0  0  0  0  0  0  0  0  0  0  0  1
    15  2  1  0.1  -0.1  28  10  0.2196  0.2021  0.2196  0.2021  0  0.5  0  0  0.045  0.045  0.045  -0.045  1  0.95  0  1
   10  2  1  0.1  -0.1  1.5 10  0.1631  0.0746  0.1631  0.0746  0  0.5  0  0  0.045  0.045  0.045  -0.045  1  0.95  0  1
];


Bus.names={... 
  'Bus1'; 'Bus2'; 'Bus3'; 'Bus4'; 'Bus5'；
  'Bus6'; 'Bus7'; 'Bus8'; 'Bus9'; 'Bus10';
  'Bus11'; 'Bus12';'Bus13';'Bus14';'Bus15'; 
  'Bus16'; 'Bus17';'Bus18';'Bus19';'Bus20';
  'Bus21'; 'Bus22';'Bus23';'Bus24';'Bus25'; 
  'Bus26'; 'Bus27';'Bus28';'Bus29';'Bus30';
  'Bus31'; 'Bus33';'Bus34';'Bus50';'Bus51';
  'Bus52'};

% Regions.con = [ ...
     1   39 100.0  0.00000  0.00010 0 0 0
     2   37 100.0  0.00000  0.00010 0 0 0
     3   36 100.0  0.00000  0.00010 0 0 0
%     ];

% Regions.names = { ...
     'A1'
     'A2'
     'OSY'
};

% Varname.idx = [...
   101;   137;   213;   249 
%    ];
% 
% Varname.areas = [...
     0 
%    ];
% 
% Varname.regions = [...
     0; 
%    ];
